--||--||--||bh||Bahrain
1053884416||1053892607||1206248423||bh||
1296400384||1296433151||1206248423||bh||
1297915904||1297924095||1206248423||bh||
1331910656||1331912703||1206248423||bh||
1334751232||1334755327||1206248423||bh||
1336668160||1336670207||1206248423||bh||
1348005888||1348009983||1206248423||bh||
1348456448||1348460543||1206248423||bh||
1358008320||1358012415||1206248423||bh||
1358630912||1358635007||1206248423||bh||
1360400384||1360404479||1206248423||bh||
1365164032||1365168127||1206248423||bh||
1388453888||1388462079||1206248423||bh||
1401436160||1401438207||1206248423||bh||
1426030592||1426046975||1206248423||bh||
1436450816||1436452863||1206248423||bh||
1475096576||1475098623||1206248423||bh||
1475119104||1475121151||1206248423||bh||
1475198976||1475201023||1206248423||bh||
1476157440||1476165631||1206248423||bh||
1486348288||1486350335||1206248423||bh||
1489567744||1489600511||1206248423||bh||
1495046144||1495048191||1206248423||bh||
1495252992||1495255039||1206248423||bh||
1502871552||1502887935||1206248423||bh||
1505656832||1505665023||1206248423||bh||
1546328064||1546330111||1206248423||bh||
3250348032||3250356223||1206248423||bh||
3641827328||3641831423||1206248423||bh||
3641831424||3641835519||1206248423||bh||
