--||--||--||bo||Bolivia
2792488960||2792554495||1206248423||bo||
2812084224||2812149759||1206248423||bo||
3188408320||3188412415||1206248423||bo||
3188412416||3188416511||1206248423||bo||
3196125184||3196157951||1206248423||bo||
3199860736||3199877119||1206248423||bo||
3237312768||3237313023||1206248423||bo||
3355942912||3355947007||1206248423||bo||
3356075264||3356075519||1206248423||bo||
3356075520||3356076031||1206248423||bo||
3356076032||3356076287||1206248423||bo||
3356334080||3356336127||1206248423||bo||
3359260672||3359264767||1206248423||bo||
3359264768||3359268863||1206248423||bo||
3359285248||3359289343||1206248423||bo||
3359289344||3359293439||1206248423||bo||
3360251904||3360253951||1206248423||bo||
3360399360||3360403455||1206248423||bo||
3361046528||3361050623||1206248423||bo||
3361144832||3361177599||1206248423||bo||
3361177600||3361210367||1206248423||bo||
3362357248||3362365439||1206248423||bo||
3362365440||3362373631||1206248423||bo||
3362373632||3362381823||1206248423||bo||
3362516992||3362519039||1206248423||bo||
3362832384||3362836479||1206248423||bo||
3363291136||3363295231||1206248423||bo||
3363295232||3363299327||1206248423||bo||
3386785792||3386793983||1206248423||bo||
3386793984||3386802175||1206248423||bo||
