--||--||--||hr||Croatia
1298694144||1298710527||1206248423||hr||
1307402240||1307410431||1206248423||hr||
1308622848||1308884991||1206248423||hr||
1317437440||1317470207||1206248423||hr||
1347432448||1347436543||1206248423||hr||
1358798848||1358802943||1206248423||hr||
1388429312||1388437503||1206248423||hr||
1401094144||1401159679||1206248423||hr||
1401634816||1401651199||1206248423||hr||
1432240128||1432248319||1206248423||hr||
1433542656||1433550847||1206248423||hr||
1476165632||1476173823||1206248423||hr||
1489960960||1489993727||1206248423||hr||
1494286336||1494294527||1206248423||hr||
1494360064||1494368255||1206248423||hr||
1503920128||1503952895||1206248423||hr||
1503952896||1503985663||1206248423||hr||
1504444416||1504509951||1206248423||hr||
1506377728||1506410495||1206248423||hr||
1509515264||1509519359||1206248423||hr||
1539502592||1539503103||1206248423||hr||
1539744000||1539744255||1206248423||hr||
1539758080||1539758335||1206248423||hr||
1539788032||1539788287||1206248423||hr||
1539788544||1539788799||1206248423||hr||
1559420928||1559429119||1206248423||hr||
3239556608||3239556863||1206248423||hr||
3241145856||3241146111||1206248423||hr||
3241868288||3241868543||1206248423||hr||
3245319168||3245319423||1206248423||hr||
3248810144||3248810175||1206248423||hr||
3250589504||3250589567||1206248423||hr||
3250978816||3251044351||1206248423||hr||
3251161856||3251162111||1206248423||hr||
3254801408||3254802431||1206248423||hr||
3254837248||3254837503||1206248423||hr||
3263091968||3263092223||1206248423||hr||
3263092224||3263092479||1206248423||hr||
3264790528||3264806911||1206248423||hr||
3273457664||3273465855||1206248423||hr||
3273465856||3273474047||1206248423||hr||
3273474048||3273490431||1206248423||hr||
3273490432||3273523199||1206248423||hr||
3276677120||3276677631||1206248423||hr||
3276677632||3276678143||1206248423||hr||
3280579840||3280580095||1206248423||hr||
3287678720||3287678975||1206248423||hr||
3557793792||3557801983||1206248423||hr||
3562758144||3562766335||1206248423||hr||
3583205376||3583213567||1206248423||hr||
3583320064||3583328255||1206248423||hr||
3586097152||3586105343||1206248423||hr||
3586801664||3586818047||1206248423||hr||
3641626624||3641630719||1206248423||hr||
3641737216||3641741311||1206248423||hr||
3645132800||3645136895||1206248423||hr||
3653656576||3653660671||1206248423||hr||
