--||--||--||gr||Greece
1040252928||1040318463||1206248423||gr||
1042677760||1042743295||1206248423||gr||
1044660224||1044668415||1206248423||gr||
1045037056||1045102591||1206248423||gr||
1045102592||1045135359||1206248423||gr||
1046937600||1047003135||1206248423||gr||
1051312128||1051328511||1206248423||gr||
1053630464||1053638655||1206248423||gr||
1054351360||1054359551||1206248423||gr||
1054425088||1054441471||1206248423||gr||
1295056896||1295122431||1206248423||gr||
1296367616||1296400383||1206248423||gr||
1297285120||1297350655||1206248423||gr||
1307254784||1307262975||1206248423||gr||
1308057600||1308061695||1206248423||gr||
1315708928||1315713023||1206248423||gr||
1318674432||1318682623||1206248423||gr||
1331838976||1331841023||1206248423||gr||
1331941376||1331943423||1206248423||gr||
1332150272||1332215807||1206248423||gr||
1333788672||1334050815||1206248423||gr||
1336279040||1336410111||1206248423||gr||
1347166208||1347170303||1206248423||gr||
1347170304||1347174399||1206248423||gr||
1348194304||1348198399||1206248423||gr||
1349124096||1349255167||1206248423||gr||
1357910016||1357914111||1206248423||gr||
1358172160||1358176255||1206248423||gr||
1358274560||1358278655||1206248423||gr||
1360572416||1360576511||1206248423||gr||
1364996096||1365000191||1206248423||gr||
1371144192||1371201535||1206248423||gr||
1388666880||1388675071||1206248423||gr||
1403764736||1403781119||1206248423||gr||
1403944960||1403961343||1206248423||gr||
1406402560||1406468095||1206248423||gr||
1407909888||1407975423||1206248423||gr||
1411776512||1411780607||1206248423||gr||
1422770176||1422778367||1206248423||gr||
1422778368||1422786559||1206248423||gr||
1425932288||1425948671||1206248423||gr||
1428029440||1428045823||1206248423||gr||
1430781952||1431044095||1206248423||gr||
1438908416||1438924799||1206248423||gr||
1466249216||1466253311||1206248423||gr||
1466257408||1466261503||1206248423||gr||
1472856064||1472987135||1206248423||gr||
1475340288||1475342335||1206248423||gr||
1475559424||1475575807||1206248423||gr||
1489305600||1489338367||1206248423||gr||
1490681856||1490747391||1206248423||gr||
1495248896||1495250943||1206248423||gr||
1506934784||1507000319||1206248423||gr||
1535377408||1535442943||1206248423||gr||
1535803392||1535836159||1206248423||gr||
1535901696||1535934463||1206248423||gr||
1539233792||1539235839||1206248423||gr||
1539545088||1539545599||1206248423||gr||
1539730432||1539730687||1206248423||gr||
1539743232||1539743487||1206248423||gr||
1539749632||1539749887||1206248423||gr||
1539770112||1539770367||1206248423||gr||
1539792896||1539793151||1206248423||gr||
1539838976||1539839999||1206248423||gr||
1546121216||1546125311||1206248423||gr||
1551237120||1551368191||1206248423||gr||
1560084480||1560117247||1206248423||gr||
3239107328||3239107583||1206248423||gr||
3239540224||3239540479||1206248423||gr||
3240275968||3240276479||1206248423||gr||
3240704000||3240705023||1206248423||gr||
3240728064||3240728575||1206248423||gr||
3240748288||3240748543||1206248423||gr||
3240809984||3240810239||1206248423||gr||
3240876544||3240877055||1206248423||gr||
3241502976||3241503231||1206248423||gr||
3241821696||3241822207||1206248423||gr||
3241851392||3241851903||1206248423||gr||
3241863680||3241863935||1206248423||gr||
3243513088||3243513343||1206248423||gr||
3243571968||3243572223||1206248423||gr||
3244032000||3244097535||1206248423||gr||
3244139520||3244140543||1206248423||gr||
3245121536||3245122047||1206248423||gr||
3245200640||3245200895||1206248423||gr||
3245233664||3245233919||1206248423||gr||
3247063296||3247063551||1206248423||gr||
3247877120||3247877631||1206248423||gr||
3248808448||3248808959||1206248423||gr||
3249701632||3249701887||1206248423||gr||
3250595328||3250595839||1206248423||gr||
3250698240||3250698751||1206248423||gr||
3251181056||3251181567||1206248423||gr||
3251187200||3251187455||1206248423||gr||
3251217920||3251218175||1206248423||gr||
3252289536||3252290815||1206248423||gr||
3252290816||3252291327||1206248423||gr||
3252297984||3252298239||1206248423||gr||
3252298240||3252298751||1206248423||gr||
3252298752||3252299007||1206248423||gr||
3252299008||3252300031||1206248423||gr||
3252300032||3252300543||1206248423||gr||
3252300544||3252300799||1206248423||gr||
3252300800||3252307967||1206248423||gr||
3252307968||3252308223||1206248423||gr||
3252308224||3252308479||1206248423||gr||
3252308480||3252310015||1206248423||gr||
3252310016||3252310527||1206248423||gr||
3252310528||3252311039||1206248423||gr||
3252311040||3252313599||1206248423||gr||
3252314112||3252314367||1206248423||gr||
3252316672||3252318207||1206248423||gr||
3252318208||3252318463||1206248423||gr||
3252319744||3252319999||1206248423||gr||
3252320000||3252320255||1206248423||gr||
3252320256||3252320511||1206248423||gr||
3252320512||3252320767||1206248423||gr||
3252320768||3252321023||1206248423||gr||
3252321024||3252321279||1206248423||gr||
3252321280||3252321791||1206248423||gr||
3252340992||3252341247||1206248423||gr||
3252341248||3252341503||1206248423||gr||
3252341504||3252341759||1206248423||gr||
3252341760||3252342015||1206248423||gr||
3252346624||3252354815||1206248423||gr||
3252354816||3252355071||1206248423||gr||
3253628928||3253629951||1206248423||gr||
3253712896||3253713407||1206248423||gr||
3253720576||3253721087||1206248423||gr||
3253923840||3253927935||1206248423||gr||
3253967360||3253967871||1206248423||gr||
3254700032||3254700543||1206248423||gr||
3254705664||3254706175||1206248423||gr||
3254827264||3254827519||1206248423||gr||
3255660288||3255660543||1206248423||gr||
3256396288||3256396799||1206248423||gr||
3256410624||3256411135||1206248423||gr||
3256489472||3256489983||1206248423||gr||
3256692736||3256693759||1206248423||gr||
3256795136||3256803327||1206248423||gr||
3256803328||3256811519||1206248423||gr||
3257545216||3257546495||1206248423||gr||
3258067712||3258067967||1206248423||gr||
3258949632||3258970111||1206248423||gr||
3258970112||3258972159||1206248423||gr||
3260021760||3260022271||1206248423||gr||
3262007552||3262007807||1206248423||gr||
3262039552||3262039807||1206248423||gr||
3262044672||3262044927||1206248423||gr||
3263036416||3263036927||1206248423||gr||
3263102720||3263102975||1206248423||gr||
3264315136||3264315391||1206248423||gr||
3264605184||3264605695||1206248423||gr||
3264627712||3264628735||1206248423||gr||
3264827648||3264828159||1206248423||gr||
3264854528||3264854783||1206248423||gr||
3265914880||3265915135||1206248423||gr||
3266343168||3266343423||1206248423||gr||
3266428928||3266437119||1206248423||gr||
3268743680||3268743935||1206248423||gr||
3269132288||3269197823||1206248423||gr||
3271748096||3271748607||1206248423||gr||
3272476928||3272477183||1206248423||gr||
3273038336||3273038847||1206248423||gr||
3273874432||3273875455||1206248423||gr||
3273877760||3273878015||1206248423||gr||
3273883136||3273883391||1206248423||gr||
3274173440||3274173951||1206248423||gr||
3274571776||3274579967||1206248423||gr||
3274690560||3274690815||1206248423||gr||
3274696960||3274697215||1206248423||gr||
3275795456||3275795967||1206248423||gr||
3275922944||3275923455||1206248423||gr||
3276464128||3276472319||1206248423||gr||
3276690944||3276691455||1206248423||gr||
3277840896||3277841407||1206248423||gr||
3277914112||3277946879||1206248423||gr||
3280093184||3280109567||1206248423||gr||
3280355328||3280371711||1206248423||gr||
3280998400||3280998655||1206248423||gr||
3282501632||3282534399||1206248423||gr||
3282698240||3282706431||1206248423||gr||
3284017152||3284025343||1206248423||gr||
3284713728||3284713983||1206248423||gr||
3286905088||3286905343||1206248423||gr||
3288006656||3288072191||1206248423||gr||
3558744064||3558752255||1206248423||gr||
3559211008||3559219199||1206248423||gr||
3560357888||3560366079||1206248423||gr||
3561406464||3561414655||1206248423||gr||
3561742336||3561750527||1206248423||gr||
3562643456||3562651647||1206248423||gr||
3563601920||3563610111||1206248423||gr||
3563782144||3563790335||1206248423||gr||
3564265472||3564273663||1206248423||gr||
3564724224||3564732415||1206248423||gr||
3566747648||3566764031||1206248423||gr||
3570204672||3570270207||1206248423||gr||
3573219328||3573252095||1206248423||gr||
3573874688||3573940223||1206248423||gr||
3574628352||3574661119||1206248423||gr||
3582754816||3582763007||1206248423||gr||
3582885888||3582894079||1206248423||gr||
3583508480||3583516671||1206248423||gr||
3584737280||3584745471||1206248423||gr||
3589865472||3589881855||1206248423||gr||
3641917440||3641921535||1206248423||gr||
3641921536||3641925631||1206248423||gr||
3642662912||3642667007||1206248423||gr||
3645177856||3645181951||1206248423||gr||
3645825024||3645829119||1206248423||gr||
3648385024||3648389119||1206248423||gr||
3650236416||3650240511||1206248423||gr||
3650543616||3650547711||1206248423||gr||
3651846144||3651850239||1206248423||gr||
3653468160||3653472255||1206248423||gr||
3653746688||3653750783||1206248423||gr||
