--||--||--||kz||Kazakhstan
1045700608||1045708799||1206248423||kz||
1047330816||1047339007||1206248423||kz||
1296711680||1296713727||1206248423||kz||
1307582464||1307586559||1206248423||kz||
1307791360||1307795455||1206248423||kz||
1307926528||1307930623||1206248423||kz||
1310236672||1310238719||1206248423||kz||
1315753984||1315758079||1206248423||kz||
1315803136||1315807231||1206248423||kz||
1334632448||1334636543||1206248423||kz||
1334718464||1334722559||1206248423||kz||
1357971456||1357975551||1206248423||kz||
1357979648||1357983743||1206248423||kz||
1358499840||1358503935||1206248423||kz||
1364738048||1364742143||1206248423||kz||
1364758528||1364762623||1206248423||kz||
1383276544||1383284735||1206248423||kz||
1388871680||1388904447||1206248423||kz||
1425063936||1425080319||1206248423||kz||
1427996672||1428013055||1206248423||kz||
1436489728||1436491775||1206248423||kz||
1475805184||1475821567||1206248423||kz||
1476378624||1476386815||1206248423||kz||
1486336000||1486338047||1206248423||kz||
1489797120||1489829887||1206248423||kz||
1495040000||1495042047||1206248423||kz||
1495209984||1495212031||1206248423||kz||
1500178432||1500180479||1206248423||kz||
1500209152||1500211199||1206248423||kz||
1507459072||1507524607||1206248423||kz||
1509576704||1509580799||1206248423||kz||
1535623168||1535627263||1206248423||kz||
1536376832||1536393215||1206248423||kz||
1538850816||1538859007||1206248423||kz||
1539280896||1539284991||1206248423||kz||
1539564032||1539564543||1206248423||kz||
1539718912||1539719167||1206248423||kz||
1539773440||1539773695||1206248423||kz||
1539950592||1539951615||1206248423||kz||
1540035584||1540036607||1206248423||kz||
1546518528||1546649599||1206248423||kz||
3244111872||3244112895||1206248423||kz||
3250708480||3250716671||1206248423||kz||
3255377408||3255377919||1206248423||kz||
3261777408||3261777919||1206248423||kz||
3267097600||3267098623||1206248423||kz||
3271747072||3271747583||1206248423||kz||
3272368128||3272376319||1206248423||kz||
3274053120||3274053375||1206248423||kz||
3274702592||3274702847||1206248423||kz||
3274821632||3274823679||1206248423||kz||
3276931072||3276939263||1206248423||kz||
3284683264||3284683775||1206248423||kz||
3557654528||3557670911||1206248423||kz||
3558047744||3558055935||1206248423||kz||
3561750528||3561758719||1206248423||kz||
3564429312||3564437503||1206248423||kz||
3566895104||3566927871||1206248423||kz||
3582828544||3582836735||1206248423||kz||
3583844352||3583852543||1206248423||kz||
3587391488||3587407871||1206248423||kz||
3641683968||3641688063||1206248423||kz||
3645652992||3645657087||1206248423||kz||
3653505024||3653509119||1206248423||kz||
