--||--||--||lb||Lebanon
1045708800||1045716991||1206248423||lb||
1294630912||1294663679||1206248423||lb||
1296783360||1296785407||1206248423||lb||
1307279360||1307287551||1206248423||lb||
1307983872||1307987967||1206248423||lb||
1311289344||1311291391||1206248423||lb||
1311324160||1311326207||1206248423||lb||
1315741696||1315745791||1206248423||lb||
1347391488||1347395583||1206248423||lb||
1347522560||1347526655||1206248423||lb||
1347620864||1347624959||1206248423||lb||
1348055040||1348059135||1206248423||lb||
1358311424||1358315519||1206248423||lb||
1385340928||1385349119||1206248423||lb||
1412825088||1412841471||1206248423||lb||
1433419776||1433427967||1206248423||lb||
1500282880||1500299263||1206248423||lb||
1509543936||1509548031||1206248423||lb||
1536679936||1536684031||1206248423||lb||
1539778304||1539778559||1206248423||lb||
1547608064||1547612159||1206248423||lb||
1547640832||1547644927||1206248423||lb||
3252920320||3252928511||1206248423||lb||
3263037440||3263045631||1206248423||lb||
3263072256||3263074303||1206248423||lb||
3278946304||3278954495||1206248423||lb||
3558662144||3558670335||1206248423||lb||
3559178240||3559186431||1206248423||lb||
3563225088||3563233279||1206248423||lb||
3585056768||3585064959||1206248423||lb||
