--||--||--||md||Moldova
1054687232||1054703615||1206248423||md||
1297727488||1297743871||1206248423||md||
1307271168||1307279359||1206248423||md||
1310208000||1310210047||1206248423||md||
1334616064||1334620159||1206248423||md||
1336598528||1336600575||1206248423||md||
1348399104||1348403199||1206248423||md||
1406844928||1406853119||1206248423||md||
1475911680||1475919871||1206248423||md||
1476345856||1476354047||1206248423||md||
1495007232||1495039999||1206248423||md||
1502953472||1502969855||1206248423||md||
1505435648||1505443839||1206248423||md||
1539763200||1539763455||1206248423||md||
1546072064||1546076159||1206248423||md||
3239079680||3239079935||1206248423||md||
3239136768||3239137023||1206248423||md||
3241071616||3241071871||1206248423||md||
3243554560||3243554815||1206248423||md||
3253712384||3253712895||1206248423||md||
3253961728||3253962239||1206248423||md||
3273056256||3273064447||1206248423||md||
3279992320||3279992831||1206248423||md||
3280625664||3280633855||1206248423||md||
3556818944||3556827135||1206248423||md||
3560488960||3560497151||1206248423||md||
3641470976||3641475071||1206248423||md||
3641954304||3641958399||1206248423||md||
3642396672||3642400767||1206248423||md||
3642400768||3642404863||1206248423||md||
