--||--||--||pe||Peru
2709782528||2709848063||1206248423||pe||
3188228096||3188236287||1206248423||pe||
3188473856||3188477951||1206248423||pe||
3188477952||3188482047||1206248423||pe||
3190292480||3190325247||1206248423||pe||
3190325248||3190358015||1206248423||pe||
3190358016||3190390783||1206248423||pe||
3190390784||3190423551||1206248423||pe||
3190423552||3190554623||1206248423||pe||
3192979456||3192995839||1206248423||pe||
3192995840||3193012223||1206248423||pe||
3193012224||3193044991||1206248423||pe||
3199926272||3199959039||1206248423||pe||
3202220032||3202285567||1206248423||pe||
3202875392||3203006463||1206248423||pe||
3227931648||3227931903||1206248423||pe||
3355470592||3355470847||1206248423||pe||
3355471360||3355471615||1206248423||pe||
3355473408||3355473919||1206248423||pe||
3355478016||3355478271||1206248423||pe||
3355479552||3355479807||1206248423||pe||
3355485184||3355485439||1206248423||pe||
3355485440||3355485695||1206248423||pe||
3355485696||3355486207||1206248423||pe||
3355486208||3355486463||1206248423||pe||
3355486464||3355486719||1206248423||pe||
3355486720||3355487231||1206248423||pe||
3355487232||3355487743||1206248423||pe||
3355553792||3355555839||1206248423||pe||
3355668992||3355669247||1206248423||pe||
3355701504||3355701759||1206248423||pe||
3355754496||3355770879||1206248423||pe||
3356114944||3356123135||1206248423||pe||
3356131840||3356132351||1206248423||pe||
3356146688||3356146943||1206248423||pe||
3356162560||3356162815||1206248423||pe||
3356172288||3356172543||1206248423||pe||
3356172800||3356173311||1206248423||pe||
3356173312||3356173567||1206248423||pe||
3356173568||3356173823||1206248423||pe||
3356173824||3356174335||1206248423||pe||
3356176384||3356180479||1206248423||pe||
3356491776||3356493823||1206248423||pe||
3357057024||3357065215||1206248423||pe||
3357499392||3357503487||1206248423||pe||
3357503488||3357507583||1206248423||pe||
3357868032||3357933567||1206248423||pe||
3358588928||3358654463||1206248423||pe||
3359375360||3359408127||1206248423||pe||
3359408128||3359424511||1206248423||pe||
3359424512||3359432703||1206248423||pe||
3359432704||3359440895||1206248423||pe||
3359539200||3359555583||1206248423||pe||
3359555584||3359559679||1206248423||pe||
3359559680||3359563775||1206248423||pe||
3359563776||3359571967||1206248423||pe||
3361275904||3361279999||1206248423||pe||
3361280000||3361284095||1206248423||pe||
3362390016||3362406399||1206248423||pe||
3362406400||3362422783||1206248423||pe||
3362488320||3362504703||1206248423||pe||
3362545664||3362549759||1206248423||pe||
3362652160||3362660351||1206248423||pe||
3362660352||3362664447||1206248423||pe||
3363373056||3363405823||1206248423||pe||
3363405824||3363438591||1206248423||pe||
3363504128||3363512319||1206248423||pe||
3387293696||3387326463||1206248423||pe||
3387326464||3387359231||1206248423||pe||
3387949056||3387981823||1206248423||pe||
3387981824||3388014591||1206248423||pe||
3470754304||3470754559||1206248423||pe||
3509387264||3509420031||1206248423||pe||
3639902208||3639918591||1206248423||pe||
