--||--||--||ro||Romania
1052119040||1052121087||1206248423||ro||
1054457856||1054474239||1206248423||ro||
1055342592||1055358975||1206248423||ro||
1294204928||1294237695||1206248423||ro||
1297154048||1297219583||1206248423||ro||
1297569792||1297571839||1206248423||ro||
1297981440||1297989631||1206248423||ro||
1307099136||1307107327||1206248423||ro||
1310668800||1310670847||1206248423||ro||
1310687232||1310689279||1206248423||ro||
1310695424||1310697471||1206248423||ro||
1314848768||1314914303||1206248423||ro||
1314914304||1315045375||1206248423||ro||
1332740096||1333264383||1206248423||ro||
1347039232||1347043327||1206248423||ro||
1347837952||1347842047||1206248423||ro||
1347842048||1347846143||1206248423||ro||
1348468736||1348599807||1206248423||ro||
1359773696||1359806463||1206248423||ro||
1360150528||1360154623||1206248423||ro||
1360154624||1360158719||1206248423||ro||
1360433152||1360437247||1206248423||ro||
1360531456||1360535551||1206248423||ro||
1364787200||1364791295||1206248423||ro||
1364791296||1364795391||1206248423||ro||
1370750976||1370882047||1206248423||ro||
1371799552||1371865087||1206248423||ro||
1380712448||1380974591||1206248423||ro||
1384710144||1384726527||1206248423||ro||
1389395968||1389412351||1206248423||ro||
1399291904||1399324671||1206248423||ro||
1401888768||1401890815||1206248423||ro||
1403437056||1403445247||1206248423||ro||
1408464896||1408466943||1206248423||ro||
1424523264||1424556031||1206248423||ro||
1424646144||1424650239||1206248423||ro||
1425227776||1425244159||1206248423||ro||
1425473536||1425489919||1206248423||ro||
1425489920||1425506303||1206248423||ro||
1426653184||1426669567||1206248423||ro||
1433927680||1434189823||1206248423||ro||
1436473344||1436475391||1206248423||ro||
1438253056||1438318591||1206248423||ro||
1439322112||1439326207||1206248423||ro||
1439432704||1439498239||1206248423||ro||
1445068800||1445199871||1206248423||ro||
1446445056||1446510591||1206248423||ro||
1449656320||1449918463||1206248423||ro||
1450704896||1451229183||1206248423||ro||
1475176448||1475178495||1206248423||ro||
1475321856||1475323903||1206248423||ro||
1475338240||1475340287||1206248423||ro||
1475344384||1475346431||1206248423||ro||
1486749696||1486815231||1206248423||ro||
1494351872||1494360063||1206248423||ro||
1494573056||1494581247||1206248423||ro||
1495269376||1496317951||1206248423||ro||
1500643328||1500774399||1206248423||ro||
1501036544||1501298687||1206248423||ro||
1502085120||1502216191||1206248423||ro||
1502937088||1502953471||1206248423||ro||
1504018432||1504051199||1206248423||ro||
1506340864||1506342911||1206248423||ro||
1508818944||1508835327||1206248423||ro||
1532655616||1532657663||1206248423||ro||
1534787584||1534791679||1206248423||ro||
1539345408||1539346431||1206248423||ro||
1539390464||1539391487||1206248423||ro||
1539407872||1539408895||1206248423||ro||
1539447808||1539448319||1206248423||ro||
1539448320||1539448831||1206248423||ro||
1539451392||1539451903||1206248423||ro||
1539451904||1539452415||1206248423||ro||
1539464192||1539464703||1206248423||ro||
1539478528||1539479039||1206248423||ro||
1539485696||1539486207||1206248423||ro||
1539500544||1539501055||1206248423||ro||
1539507200||1539507711||1206248423||ro||
1539507712||1539508223||1206248423||ro||
1539509760||1539510271||1206248423||ro||
1539513344||1539513855||1206248423||ro||
1539517440||1539517951||1206248423||ro||
1539522048||1539522559||1206248423||ro||
1539523072||1539523583||1206248423||ro||
1539527680||1539528191||1206248423||ro||
1539531264||1539531775||1206248423||ro||
1539543040||1539543551||1206248423||ro||
1539552256||1539552767||1206248423||ro||
1539555840||1539556351||1206248423||ro||
1539556352||1539556863||1206248423||ro||
1539561472||1539561983||1206248423||ro||
1539582976||1539583999||1206248423||ro||
1539699712||1539700735||1206248423||ro||
1539707648||1539707903||1206248423||ro||
1539708672||1539708927||1206248423||ro||
1539709952||1539710207||1206248423||ro||
1539712768||1539713023||1206248423||ro||
1539737600||1539737855||1206248423||ro||
1539740416||1539740671||1206248423||ro||
1539743744||1539743999||1206248423||ro||
1539744256||1539744511||1206248423||ro||
1539752960||1539753215||1206248423||ro||
1539764736||1539764991||1206248423||ro||
1539778816||1539779071||1206248423||ro||
1539780864||1539781119||1206248423||ro||
1539794944||1539795199||1206248423||ro||
1539799808||1539800063||1206248423||ro||
1539802368||1539802623||1206248423||ro||
1539808512||1539808767||1206248423||ro||
1539819264||1539819519||1206248423||ro||
1539822080||1539822335||1206248423||ro||
1539823616||1539823871||1206248423||ro||
1539830528||1539830783||1206248423||ro||
1539858432||1539859455||1206248423||ro||
1539863552||1539864575||1206248423||ro||
1539864576||1539865599||1206248423||ro||
1539918848||1539919871||1206248423||ro||
1539919872||1539920895||1206248423||ro||
1539948544||1539949567||1206248423||ro||
1539954688||1539955711||1206248423||ro||
1539955712||1539956735||1206248423||ro||
1539987456||1539988479||1206248423||ro||
1547141120||1547157503||1206248423||ro||
1548746752||1549271039||1206248423||ro||
1550974976||1551106047||1206248423||ro||
1567621120||1568145407||1206248423||ro||
1568145408||1568178175||1206248423||ro||
1568309248||1568342015||1206248423||ro||
1571291136||1571422207||1206248423||ro||
3238060288||3238060543||1206248423||ro||
3239089152||3239089407||1206248423||ro||
3239105792||3239106047||1206248423||ro||
3239107072||3239107327||1206248423||ro||
3239107840||3239108095||1206248423||ro||
3239134720||3239134975||1206248423||ro||
3239166720||3239166975||1206248423||ro||
3239173120||3239173375||1206248423||ro||
3239297024||3239298047||1206248423||ro||
3239468288||3239468543||1206248423||ro||
3239468800||3239469055||1206248423||ro||
3239480576||3239480831||1206248423||ro||
3239488768||3239489023||1206248423||ro||
3239575552||3239575807||1206248423||ro||
3239583488||3239583743||1206248423||ro||
3239667712||3239668223||1206248423||ro||
3239669248||3239669759||1206248423||ro||
3239669760||3239670271||1206248423||ro||
3239708416||3239708671||1206248423||ro||
3239709184||3239709439||1206248423||ro||
3239739648||3239739903||1206248423||ro||
3239762688||3239762943||1206248423||ro||
3239790080||3239790591||1206248423||ro||
3239790592||3239791103||1206248423||ro||
3239793664||3239794175||1206248423||ro||
3239876352||3239876607||1206248423||ro||
3240125440||3240125695||1206248423||ro||
3240166912||3240167423||1206248423||ro||
3240167424||3240167935||1206248423||ro||
3240171008||3240171519||1206248423||ro||
3240171520||3240172031||1206248423||ro||
3240173568||3240174079||1206248423||ro||
3240179712||3240180223||1206248423||ro||
3240182272||3240182783||1206248423||ro||
3240188416||3240188927||1206248423||ro||
3240188928||3240189439||1206248423||ro||
3240189440||3240189951||1206248423||ro||
3240192512||3240193023||1206248423||ro||
3240195584||3240196095||1206248423||ro||
3240198656||3240199167||1206248423||ro||
3240200192||3240200703||1206248423||ro||
3240201216||3240201727||1206248423||ro||
3240203264||3240203775||1206248423||ro||
3240204288||3240204799||1206248423||ro||
3240204800||3240205311||1206248423||ro||
3240206848||3240207359||1206248423||ro||
3240207360||3240207871||1206248423||ro||
3240216576||3240217087||1206248423||ro||
3240229376||3240229887||1206248423||ro||
3240229888||3240230399||1206248423||ro||
3240258560||3240259583||1206248423||ro||
3240270848||3240271359||1206248423||ro||
3240275456||3240275967||1206248423||ro||
3240276992||3240277503||1206248423||ro||
3240277504||3240278015||1206248423||ro||
3240279552||3240280063||1206248423||ro||
3240296448||3240296703||1206248423||ro||
3240420352||3240420607||1206248423||ro||
3240462336||3240462591||1206248423||ro||
3240462848||3240463103||1206248423||ro||
3240575488||3240575743||1206248423||ro||
3240577280||3240577535||1206248423||ro||
3240588544||3240588799||1206248423||ro||
3240589056||3240589311||1206248423||ro||
3240721920||3240722431||1206248423||ro||
3240744960||3240745471||1206248423||ro||
3240752128||3240753151||1206248423||ro||
3240753152||3240754175||1206248423||ro||
3240840704||3240840959||1206248423||ro||
3241035264||3241035519||1206248423||ro||
3241037824||3241038079||1206248423||ro||
3241040640||3241040895||1206248423||ro||
3241101312||3241101567||1206248423||ro||
3241102080||3241102335||1206248423||ro||
3241108736||3241108991||1206248423||ro||
3241119744||3241119999||1206248423||ro||
3241124352||3241124607||1206248423||ro||
3241146624||3241146879||1206248423||ro||
3241865984||3241866239||1206248423||ro||
3243524096||3243524351||1206248423||ro||
3243525376||3243525631||1206248423||ro||
3243537152||3243537407||1206248423||ro||
3243555072||3243555327||1206248423||ro||
3244107776||3244108799||1206248423||ro||
3244133376||3244134399||1206248423||ro||
3245140480||3245140991||1206248423||ro||
3245294592||3245295103||1206248423||ro||
3245307904||3245308415||1206248423||ro||
3245318400||3245318655||1206248423||ro||
3245335808||3245336063||1206248423||ro||
3245336576||3245336831||1206248423||ro||
3247068416||3247068671||1206248423||ro||
3247071488||3247071743||1206248423||ro||
3247071744||3247071999||1206248423||ro||
3247072000||3247072255||1206248423||ro||
3247073024||3247073279||1206248423||ro||
3247089664||3247090687||1206248423||ro||
3247095808||3247096831||1206248423||ro||
3247096832||3247097855||1206248423||ro||
3247362048||3247362303||1206248423||ro||
3247405056||3247405311||1206248423||ro||
3247702016||3247702271||1206248423||ro||
3247905792||3247906815||1206248423||ro||
3248785408||3248785663||1206248423||ro||
3248789504||3248789759||1206248423||ro||
3249704192||3249704447||1206248423||ro||
3249710336||3249710591||1206248423||ro||
3249725440||3249725951||1206248423||ro||
3250194944||3250195199||1206248423||ro||
3250195200||3250195455||1206248423||ro||
3250200832||3250201087||1206248423||ro||
3250406912||3250407423||1206248423||ro||
3250414080||3250414591||1206248423||ro||
3250596352||3250596863||1206248423||ro||
3250596864||3250597375||1206248423||ro||
3250597376||3250597887||1206248423||ro||
3250598912||3250599423||1206248423||ro||
3250716672||3250716927||1206248423||ro||
3250722048||3250722303||1206248423||ro||
3250749952||3250750207||1206248423||ro||
3250750208||3250750463||1206248423||ro||
3251114752||3251115007||1206248423||ro||
3251122688||3251123199||1206248423||ro||
3251123712||3251124223||1206248423||ro||
3251136000||3251136511||1206248423||ro||
3251142144||3251142655||1206248423||ro||
3251145984||3251146239||1206248423||ro||
3251152128||3251152383||1206248423||ro||
3251152384||3251152639||1206248423||ro||
3251161088||3251161343||1206248423||ro||
3251171840||3251172095||1206248423||ro||
3251172352||3251172607||1206248423||ro||
3251174400||3251174655||1206248423||ro||
3251180544||3251181055||1206248423||ro||
3251186688||3251186943||1206248423||ro||
3251214976||3251215103||1206248423||ro||
3251216640||3251216895||1206248423||ro||
3251234816||3251235839||1206248423||ro||
3251246592||3251246847||1206248423||ro||
3251358720||3251359231||1206248423||ro||
3251361280||3251361791||1206248423||ro||
3252385024||3252385279||1206248423||ro||
3252385536||3252385791||1206248423||ro||
3252567808||3252568063||1206248423||ro||
3252643072||3252643327||1206248423||ro||
3252813824||3252830207||1206248423||ro||
3252830208||3252846591||1206248423||ro||
3252846592||3252862975||1206248423||ro||
3252907264||3252907519||1206248423||ro||
3252907520||3252907775||1206248423||ro||
3252937216||3252937727||1206248423||ro||
3252939776||3252940287||1206248423||ro||
3252941312||3252941823||1206248423||ro||
3252982016||3252982271||1206248423||ro||
3252984064||3252984319||1206248423||ro||
3253075968||3253141503||1206248423||ro||
3253141504||3253157887||1206248423||ro||
3253157888||3253174271||1206248423||ro||
3253174272||3253207039||1206248423||ro||
3253600256||3253601279||1206248423||ro||
3253614592||3253615615||1206248423||ro||
3253662720||3253663743||1206248423||ro||
3253682176||3253683199||1206248423||ro||
3253699072||3253699583||1206248423||ro||
3253700096||3253700607||1206248423||ro||
3253701632||3253702143||1206248423||ro||
3253702656||3253703167||1206248423||ro||
3253703168||3253703679||1206248423||ro||
3253706240||3253706751||1206248423||ro||
3253708288||3253708799||1206248423||ro||
3253709824||3253710335||1206248423||ro||
3253714432||3253714943||1206248423||ro||
3253715456||3253715967||1206248423||ro||
3253720064||3253720575||1206248423||ro||
3253721600||3253722111||1206248423||ro||
3253724672||3253725183||1206248423||ro||
3253725184||3253725695||1206248423||ro||
3253726208||3253726719||1206248423||ro||
3253728768||3253729279||1206248423||ro||
3253730304||3253730815||1206248423||ro||
3253893120||3253893375||1206248423||ro||
3254657024||3254665215||1206248423||ro||
3254707712||3254708223||1206248423||ro||
3254710784||3254711295||1206248423||ro||
3254811648||3254812671||1206248423||ro||
3254812928||3254813183||1206248423||ro||
3254825216||3254825471||1206248423||ro||
3254828288||3254828543||1206248423||ro||
3254828544||3254828799||1206248423||ro||
3254832128||3254832383||1206248423||ro||
3254844672||3254844927||1206248423||ro||
3254888192||3254888447||1206248423||ro||
3254891008||3254891263||1206248423||ro||
3254891264||3254891519||1206248423||ro||
3255224320||3255225343||1206248423||ro||
3255227392||3255228415||1206248423||ro||
3255232000||3255232255||1206248423||ro||
3255324672||3255325183||1206248423||ro||
3255325184||3255325695||1206248423||ro||
3255371776||3255372287||1206248423||ro||
3255375360||3255375871||1206248423||ro||
3255384064||3255384575||1206248423||ro||
3255385088||3255385599||1206248423||ro||
3255392768||3255393279||1206248423||ro||
3255393280||3255393791||1206248423||ro||
3255412480||3255412735||1206248423||ro||
3256397824||3256398335||1206248423||ro||
3256398336||3256398847||1206248423||ro||
3256412672||3256413183||1206248423||ro||
3256787200||3256787455||1206248423||ro||
3256791296||3256791551||1206248423||ro||
3256946176||3256946431||1206248423||ro||
3257558016||3257558527||1206248423||ro||
3257558528||3257559039||1206248423||ro||
3257559040||3257559551||1206248423||ro||
3257564672||3257565183||1206248423||ro||
3258058496||3258058751||1206248423||ro||
3258058752||3258059007||1206248423||ro||
3258059520||3258059775||1206248423||ro||
3258067968||3258068223||1206248423||ro||
3258069504||3258069759||1206248423||ro||
3258072832||3258073087||1206248423||ro||
3258075136||3258075391||1206248423||ro||
3258088960||3258089215||1206248423||ro||
3258100224||3258100479||1206248423||ro||
3258101248||3258101503||1206248423||ro||
3258351616||3258352639||1206248423||ro||
3258427648||3258427903||1206248423||ro||
3258730496||3258730751||1206248423||ro||
3258733056||3258733311||1206248423||ro||
3258848768||3258849023||1206248423||ro||
3258947584||3258948607||1206248423||ro||
3259968512||3259969535||1206248423||ro||
3260548608||3260548863||1206248423||ro||
3260581376||3260581887||1206248423||ro||
3260584448||3260584959||1206248423||ro||
3260584960||3260585471||1206248423||ro||
3260596736||3260597247||1206248423||ro||
3260598784||3260599295||1206248423||ro||
3260604928||3260605439||1206248423||ro||
3260608000||3260608511||1206248423||ro||
3260610560||3260611071||1206248423||ro||
3261472768||3261480959||1206248423||ro||
3261480960||3261497343||1206248423||ro||
3261497344||3261530111||1206248423||ro||
3261661184||3261669375||1206248423||ro||
3261687808||3261689855||1206248423||ro||
3261697024||3261697535||1206248423||ro||
3261697536||3261698047||1206248423||ro||
3261778944||3261779455||1206248423||ro||
3261780992||3261781503||1206248423||ro||
3261820928||3261821183||1206248423||ro||
3262006272||3262006527||1206248423||ro||
3262007808||3262008063||1206248423||ro||
3262043136||3262043391||1206248423||ro||
3262227712||3262227967||1206248423||ro||
3262416896||3262417407||1206248423||ro||
3262425088||3262425599||1206248423||ro||
3262430720||3262431231||1206248423||ro||
3262433280||3262433791||1206248423||ro||
3262437376||3262437887||1206248423||ro||
3262442496||3262443007||1206248423||ro||
3262445056||3262445567||1206248423||ro||
3262506496||3262507007||1206248423||ro||
3262507520||3262508031||1206248423||ro||
3262508032||3262508543||1206248423||ro||
3262508544||3262509055||1206248423||ro||
3262509568||3262510079||1206248423||ro||
3263076352||3263076863||1206248423||ro||
3263078400||3263079423||1206248423||ro||
3263082496||3263083519||1206248423||ro||
3263084544||3263085567||1206248423||ro||
3263089152||3263089407||1206248423||ro||
3263089920||3263090175||1206248423||ro||
3263093760||3263094015||1206248423||ro||
3263095552||3263095807||1206248423||ro||
3263099904||3263100159||1206248423||ro||
3263102208||3263102463||1206248423||ro||
3264015104||3264015359||1206248423||ro||
3264017664||3264017919||1206248423||ro||
3264313344||3264313599||1206248423||ro||
3264322304||3264322559||1206248423||ro||
3264323328||3264323583||1206248423||ro||
3264334336||3264334847||1206248423||ro||
3264343552||3264343807||1206248423||ro||
3264380160||3264380415||1206248423||ro||
3264631808||3264632831||1206248423||ro||
3264653824||3264654335||1206248423||ro||
3264657920||3264658431||1206248423||ro||
3264665600||3264666111||1206248423||ro||
3264672256||3264672767||1206248423||ro||
3264675328||3264675839||1206248423||ro||
3264864256||3264872447||1206248423||ro||
3265904384||3265904639||1206248423||ro||
3265908992||3265909247||1206248423||ro||
3265910272||3265910527||1206248423||ro||
3265912576||3265912831||1206248423||ro||
3265915136||3265915391||1206248423||ro||
3265915648||3265915903||1206248423||ro||
3266343680||3266343935||1206248423||ro||
3266355200||3266363391||1206248423||ro||
3267040256||3267041279||1206248423||ro||
3267065856||3267066879||1206248423||ro||
3267069952||3267070975||1206248423||ro||
3267083264||3267084287||1206248423||ro||
3268743168||3268743423||1206248423||ro||
3270928128||3270928383||1206248423||ro||
3271751168||3271751679||1206248423||ro||
3271909376||3271909887||1206248423||ro||
3271913984||3271914495||1206248423||ro||
3271917056||3271917567||1206248423||ro||
3272015872||3272019967||1206248423||ro||
3272108288||3272108543||1206248423||ro||
3272111872||3272112127||1206248423||ro||
3272112128||3272112383||1206248423||ro||
3272131072||3272131583||1206248423||ro||
3272134144||3272134655||1206248423||ro||
3272268544||3272268799||1206248423||ro||
3272356864||3272357887||1206248423||ro||
3272421376||3272421887||1206248423||ro||
3272476160||3272476415||1206248423||ro||
3272476416||3272476671||1206248423||ro||
3272477952||3272478207||1206248423||ro||
3272622080||3272623103||1206248423||ro||
3272894976||3272895487||1206248423||ro||
3272919552||3272920063||1206248423||ro||
3272922624||3272923135||1206248423||ro||
3273392640||3273393151||1206248423||ro||
3273393152||3273393663||1206248423||ro||
3273394176||3273394687||1206248423||ro||
3273396736||3273397247||1206248423||ro||
3273398272||3273398783||1206248423||ro||
3273433600||3273434111||1206248423||ro||
3273437184||3273437695||1206248423||ro||
3273439232||3273439743||1206248423||ro||
3273440256||3273440767||1206248423||ro||
3273802240||3273802751||1206248423||ro||
3273881088||3273881343||1206248423||ro||
3274339328||3274339839||1206248423||ro||
3274342400||3274342911||1206248423||ro||
3274344960||3274345471||1206248423||ro||
3274686976||3274687231||1206248423||ro||
3274692096||3274692351||1206248423||ro||
3274699264||3274699519||1206248423||ro||
3274831872||3274833919||1206248423||ro||
3275507712||3275508223||1206248423||ro||
3275508224||3275508735||1206248423||ro||
3275508736||3275509247||1206248423||ro||
3275509248||3275509759||1206248423||ro||
3275534848||3275535359||1206248423||ro||
3275634688||3275635199||1206248423||ro||
3275784192||3275784703||1206248423||ro||
3275785216||3275785727||1206248423||ro||
3275790336||3275790847||1206248423||ro||
3275796992||3275797503||1206248423||ro||
3275798016||3275798527||1206248423||ro||
3275798528||3275799039||1206248423||ro||
3275918848||3275919359||1206248423||ro||
3275919872||3275920383||1206248423||ro||
3276424960||3276425215||1206248423||ro||
3276426752||3276427007||1206248423||ro||
3276679680||3276680191||1206248423||ro||
3276685312||3276685823||1206248423||ro||
3276691456||3276691967||1206248423||ro||
3276964352||3276964863||1206248423||ro||
3276964864||3276965375||1206248423||ro||
3277177344||3277177599||1206248423||ro||
3277179136||3277179391||1206248423||ro||
3277181696||3277181951||1206248423||ro||
3277188864||3277189119||1206248423||ro||
3277483520||3277484031||1206248423||ro||
3277484544||3277485055||1206248423||ro||
3277487104||3277487615||1206248423||ro||
3277686784||3277687295||1206248423||ro||
3277687808||3277688319||1206248423||ro||
3277697024||3277697535||1206248423||ro||
3277702656||3277703167||1206248423||ro||
3277815808||3277816063||1206248423||ro||
3277820160||3277820415||1206248423||ro||
3277821952||3277822207||1206248423||ro||
3277825536||3277825791||1206248423||ro||
3277825792||3277826047||1206248423||ro||
3277828608||3277828863||1206248423||ro||
3277829120||3277829375||1206248423||ro||
3277841408||3277841919||1206248423||ro||
3277848064||3277848575||1206248423||ro||
3278766080||3278766591||1206248423||ro||
3278767104||3278767615||1206248423||ro||
3279031808||3279032319||1206248423||ro||
3279057920||3279058431||1206248423||ro||
3279059968||3279060479||1206248423||ro||
3279987712||3279988223||1206248423||ro||
3279988736||3279989247||1206248423||ro||
3279993856||3279994367||1206248423||ro||
3280578048||3280578303||1206248423||ro||
3280583168||3280583423||1206248423||ro||
3280584192||3280584447||1206248423||ro||
3280587776||3280588287||1206248423||ro||
3280650240||3280650495||1206248423||ro||
3280655872||3280656127||1206248423||ro||
3281001216||3281001471||1206248423||ro||
3281339136||3281339391||1206248423||ro||
3281340416||3281340671||1206248423||ro||
3281340672||3281340927||1206248423||ro||
3281352448||3281352703||1206248423||ro||
3282084352||3282084863||1206248423||ro||
3282084864||3282085375||1206248423||ro||
3282095104||3282096127||1206248423||ro||
3282739456||3282739711||1206248423||ro||
3282742016||3282742271||1206248423||ro||
3282742272||3282742527||1206248423||ro||
3282746880||3282747135||1206248423||ro||
3283214336||3283214847||1206248423||ro||
3283248640||3283249151||1206248423||ro||
3283250688||3283251199||1206248423||ro||
3283253248||3283253759||1206248423||ro||
3283254272||3283254783||1206248423||ro||
3283254784||3283255295||1206248423||ro||
3283491584||3283491839||1206248423||ro||
3283535360||3283535871||1206248423||ro||
3283537920||3283538431||1206248423||ro||
3283538944||3283539455||1206248423||ro||
3283539456||3283539967||1206248423||ro||
3283540992||3283541503||1206248423||ro||
3283978752||3283979263||1206248423||ro||
3283980288||3283980799||1206248423||ro||
3283981824||3283982335||1206248423||ro||
3283982336||3283982847||1206248423||ro||
3283982848||3283983359||1206248423||ro||
3283985408||3283985919||1206248423||ro||
3283987968||3283988479||1206248423||ro||
3283988480||3283988991||1206248423||ro||
3283990528||3283991039||1206248423||ro||
3283991040||3283991551||1206248423||ro||
3283992064||3283992575||1206248423||ro||
3283993088||3283993599||1206248423||ro||
3283996672||3283997183||1206248423||ro||
3284007424||3284007935||1206248423||ro||
3284049664||3284049919||1206248423||ro||
3284681216||3284681727||1206248423||ro||
3284686336||3284686847||1206248423||ro||
3284715520||3284715775||1206248423||ro||
3285329920||3285330431||1206248423||ro||
3285330944||3285331455||1206248423||ro||
3285764096||3285764607||1206248423||ro||
3285769728||3285770239||1206248423||ro||
3286132736||3286133759||1206248423||ro||
3286312960||3286313471||1206248423||ro||
3286313472||3286313983||1206248423||ro||
3286316544||3286317055||1206248423||ro||
3286319104||3286320127||1206248423||ro||
3286324224||3286325247||1206248423||ro||
3286330368||3286331391||1206248423||ro||
3286338560||3286339583||1206248423||ro||
3286906368||3286906879||1206248423||ro||
3286925824||3286926079||1206248423||ro||
3286933760||3286934015||1206248423||ro||
3286935808||3286936063||1206248423||ro||
3286936576||3286936831||1206248423||ro||
3286937856||3286938111||1206248423||ro||
3286938880||3286939135||1206248423||ro||
3286939136||3286939391||1206248423||ro||
3286940672||3286940927||1206248423||ro||
3286941440||3286941695||1206248423||ro||
3287175168||3287175679||1206248423||ro||
3287175680||3287176191||1206248423||ro||
3287177216||3287177727||1206248423||ro||
3287177728||3287178239||1206248423||ro||
3287178752||3287179263||1206248423||ro||
3287436288||3287436799||1206248423||ro||
3287436800||3287437311||1206248423||ro||
3287439360||3287439871||1206248423||ro||
3287457280||3287457791||1206248423||ro||
3287479296||3287480319||1206248423||ro||
3287551488||3287551999||1206248423||ro||
3287552512||3287553023||1206248423||ro||
3287634432||3287634943||1206248423||ro||
3287635968||3287636479||1206248423||ro||
3287668224||3287668479||1206248423||ro||
3287669760||3287670015||1206248423||ro||
3287674624||3287674879||1206248423||ro||
3287677696||3287677951||1206248423||ro||
3287740928||3287741439||1206248423||ro||
3287741952||3287742463||1206248423||ro||
3287742976||3287743487||1206248423||ro||
3287826688||3287826943||1206248423||ro||
3287829504||3287829759||1206248423||ro||
3287830272||3287830527||1206248423||ro||
3287831552||3287831807||1206248423||ro||
3287868416||3287868927||1206248423||ro||
3287954688||3287954943||1206248423||ro||
3287956224||3287956479||1206248423||ro||
3288237056||3288237567||1206248423||ro||
3288237568||3288238079||1206248423||ro||
3288238080||3288238591||1206248423||ro||
3288239104||3288239615||1206248423||ro||
3288242176||3288242687||1206248423||ro||
3559096320||3559104511||1206248423||ro||
3560333312||3560341503||1206248423||ro||
3562897408||3562905599||1206248423||ro||
3566354432||3566370815||1206248423||ro||
3583664128||3583672319||1206248423||ro||
3583672320||3583680511||1206248423||ro||
3583877120||3583885311||1206248423||ro||
3584352256||3584360447||1206248423||ro||
3588833280||3588849663||1206248423||ro||
3641360384||3641364479||1206248423||ro||
3641364480||3641368575||1206248423||ro||
3641532416||3641536511||1206248423||ro||
3641901056||3641905151||1206248423||ro||
3645480960||3645485055||1206248423||ro||
3648245760||3648249855||1206248423||ro||
3650879488||3650912255||1206248423||ro||
